[array([-0.36063731, -0.4765048 , -0.59830149,  0.09284116]), 1]
[array([-0.13523899, -0.4765048 ,  0.92927678,  0.17819846]), 1]
[array([-1.37492976, -0.4765048 ,  0.16548765,  0.62811301]), 1]
[array([-1.2622306 ,  0.87720202, -0.59830149, -0.70599602]), 0]
[array([-1.2622306 , -0.4765048 , -0.59830149,  0.09284116]), 1]
[array([-1.07439866, -0.4765048 ,  0.16548765,  0.62811301]), 1]
[array([-0.77386757, -0.4765048 ,  0.42008403,  1.21166644]), 2]
[array([ 0.27799126, -0.4765048 ,  1.43846954,  0.73536918]), 1]
[array([ 0.12772572, -0.4765048 ,  0.92927678,  1.28654354]), 1]
[array([-0.92413312,  1.14794338,  0.16548765,  0.31989972]), 0]
[array([-0.17280538, -0.4765048 ,  0.16548765,  0.58536178]), 2]
[array([-0.24793815, -0.4765048 ,  0.16548765,  0.10500795]), 2]
[array([ 2.83250557,  3.04313292, -0.59830149, -1.51179972]), 0]
[array([-0.66116841, -0.4765048 , -0.59830149,  0.09284116]), 1]
[array([ 0.87905345,  3.04313292, -0.59830149, -0.93943399]), 0]
[array([ 0.54095597,  1.14794338, -0.59830149, -0.22226209]), 1]
[array([-0.73630118,  0.33571929, -0.59830149, -1.92242356]), 0]
[array([ 1.40498287, -0.4765048 ,  0.16548765,  0.78992885]), 1]
[array([-0.36063731,  1.96016747, -0.59830149, -0.0847954 ]), 0]
[array([-0.81143396, -0.4765048 , -0.59830149,  0.09284116]), 2]
[array([ 0.84148706, -0.4765048 ,  0.6746804 ,  1.18581192]), 2]
[array([ 1.29228371, -0.4765048 ,  1.69306592,  0.57580664]), 0]
[array([ 0.4658232 , -0.4765048 ,  3.22064419,  2.92666754]), 1]
[array([ 3.80923162, -0.4765048 , -0.08910873,  1.34263985]), 1]
[array([2.08117783, 3.04313292, 1.43846954, 0.23315073]), 1]
[array([ 4.33516104,  1.96016747, -0.59830149, -3.80971075]), 0]
[array([ 0.69122152,  3.04313292,  0.16548765, -3.75553173]), 0]
[array([-0.36063731, -0.4765048 , -0.59830149,  0.09284116]), 1]
[array([-1.29979698,  0.33571929, -0.59830149, -1.54507807]), 0]
[array([-0.51090286, -0.4765048 , -0.59830149,  0.09284116]), 2]
[array([-0.69873479, -0.4765048 , -0.59830149,  0.09284116]), 2]
[array([-0.21037177,  1.14794338, -0.59830149, -0.01755192]), 1]
[array([-0.21037177, -0.4765048 ,  0.92927678,  0.65674889]), 1]
[array([ 0.12772572, -0.4765048 ,  1.18387316,  1.03749857]), 1]
[array([-0.69873479, -0.4765048 , -0.59830149,  0.09284116]), 1]
[array([-0.54846925, -0.4765048 , -0.59830149,  0.09284116]), 1]
[array([-0.28550454,  0.87720202, -0.59830149, -0.98533486]), 1]
[array([-0.28550454, -0.4765048 ,  3.47524057,  1.34556674]), 1]
[array([ 0.12772572, -0.4765048 , -0.59830149,  0.09284116]), 1]
[array([-0.62360202, -0.4765048 , -0.59830149,  0.09284116]), 1]
[array([-0.43577009, -0.4765048 , -0.59830149,  0.09284116]), 1]
[array([ 0.1652921 , -0.4765048 , -0.59830149,  0.09284116]), 1]
[array([ 0.01502655, -0.4765048 , -0.59830149,  0.09284116]), 1]
[array([-0.13523899, -0.4765048 ,  0.16548765,  0.58536178]), 0]
[array([ 0.31555765, -0.4765048 ,  0.16548765,  0.19433396]), 0]
[array([-0.09767261, -0.4765048 ,  0.16548765,  0.58536178]), 0]
[array([ 0.61608874, -0.4765048 , -0.59830149,  0.09284116]), 0]
[array([-0.58603563, -0.4765048 , -0.59830149,  0.09284116]), 0]
[array([-0.77386757, -0.4765048 , -0.59830149,  0.09284116]), 0]
[array([-0.47333647, -0.4765048 , -0.59830149,  0.09284116]), 0]
[array([-0.47333647, -0.4765048 , -0.59830149,  0.09284116]), 2]
[array([-0.92413312, -0.4765048 , -0.59830149,  0.09284116]), 2]
[array([-0.77386757, -0.4765048 , -0.59830149,  0.09284116]), 0]
[array([-0.47333647, -0.4765048 , -0.59830149,  0.09284116]), 0]
[array([ 0.7287879 , -0.4765048 , -0.59830149,  0.09284116]), 0]
[array([ 0.27799126, -0.4765048 , -0.59830149,  0.09284116]), 0]
[array([-0.28550454, -0.4765048 , -0.59830149,  0.09284116]), 0]
[array([ 0.99175261, -0.4765048 ,  2.96604781,  1.23261231]), 2]
[array([ 0.05259294, -0.4765048 , -0.59830149,  0.09284116]), 2]
[array([-0.9616995 , -0.4765048 , -0.59830149,  0.09284116]), 2]
[array([ 0.42825681, -0.4765048 , -0.59830149,  0.09284116]), 2]
[array([ 0.54095597, -0.4765048 ,  0.92927678,  0.17819846]), 2]
[array([-0.81143396, -0.4765048 , -0.59830149,  0.09284116]), 1]
[array([ 0.05259294, -0.4765048 , -0.59830149,  0.09284116]), 2]
[array([-0.36063731, -0.4765048 , -0.59830149,  0.09284116]), 2]
[array([ 0.05259294, -0.4765048 , -0.59830149,  0.09284116]), 2]
[array([ 3.39600137, -0.4765048 ,  1.69306592,  1.81026095]), 2]
[array([ 0.31555765,  3.855357  ,  1.69306592, -2.84231829]), 0]
[array([ 0.87905345,  0.60646065, -0.59830149, -0.32642389]), 0]
[array([ 0.84148706,  2.77239155,  0.42008403, -0.97008896]), 1]
[array([ 0.20285849, -0.4765048 ,  0.42008403,  1.21166644]), 1]
[array([-0.36063731, -0.4765048 , -0.59830149,  0.09284116]), 2]
[array([ 0.57852236, -0.4765048 , -0.59830149,  0.09284116]), 0]
[array([0.91661984, 0.33571929, 3.98443333, 0.01760902]), 0]
[array([ 0.05259294, -0.4765048 , -0.59830149,  0.09284116]), 0]
[array([-0.9616995 ,  0.33571929,  0.16548765, -1.44358526]), 0]
[array([-1.11196505,  1.14794338,  0.92927678, -0.15845613]), 0]
[array([ 1.17958455, -0.4765048 , -0.59830149,  0.09284116]), 0]
[array([-0.43577009, -0.4765048 , -0.59830149,  0.09284116]), 2]
[array([-0.02253983, -0.4765048 , -0.59830149,  0.09284116]), 2]
[array([-0.88656673,  0.33571929,  0.42008403,  0.70239115]), 0]
[array([-0.54846925, -0.4765048 , -0.59830149,  0.09284116]), 0]
[array([-0.88656673, -0.4765048 , -0.59830149,  0.09284116]), 1]
[array([-0.47333647, -0.4765048 , -0.59830149,  0.09284116]), 1]
[array([-0.51090286, -0.4765048 , -0.59830149,  0.09284116]), 2]
[array([ 0.4658232 , -0.4765048 , -0.59830149,  0.09284116]), 2]
[array([-0.51090286,  2.23090883, -0.59830149, -3.40788005]), 0]
[array([-1.22466421,  1.14794338, -0.59830149, -1.84992703]), 0]
[array([-0.66116841,  1.14794338, -0.59830149, -0.58325711]), 0]
[array([ 0.1652921 , -0.4765048 ,  0.92927678,  0.12938502]), 0]
[array([ 0.24042488, -0.4765048 ,  0.16548765,  0.19433396]), 2]
[array([-0.58603563,  0.33571929, -0.59830149, -1.92242356]), 1]
[array([ 0.50338958, -0.4765048 ,  0.92927678,  0.69474741]), 1]
[array([ 1.21715093, -0.4765048 ,  0.42008403,  0.15315254]), 2]
[array([-0.88656673, -0.4765048 , -0.59830149,  0.09284116]), 2]
[array([-0.02253983, -0.4765048 , -0.59830149,  0.09284116]), 2]
[array([-0.66116841, -0.4765048 , -0.59830149,  0.09284116]), 1]
[array([ 0.05259294, -0.4765048 , -0.59830149,  0.09284116]), 1]
[array([-0.3982037 , -0.4765048 ,  2.96604781,  0.38930756]), 2]
[array([-0.47333647, -0.4765048 ,  0.16548765,  0.78992885]), 2]
