40	0	0	0	1
46	0	6	3.9518587297896195	1
13	0	3	24.781930878983793	1
16	5	0	-36.98443568653204	0
16	0	0	0	1
21	0	3	24.781930878983793	1
29	0	4	51.79919427870963	2
57	0	8	29.747659494612883	1
53	0	6	55.265842150454226	1
25	6	3	10.512321144151814	0
45	0	3	22.80264096867101	2
43	0	3	0.5632963950626102	2
125	13	0	-74.29140668980622	0
32	0	0	0	1
73	13	0	-47.7921095123007	0
64	6	0	-14.588599919645967	1
30	3	0	-93.30240362933606	0
87	0	3	32.27365436832432	1
40	9	0	-8.224188706515273	0
28	0	0	0	2
72	0	5	50.60218569862982	2
84	0	9	22.360258727044233	0
62	0	15	131.2000408637681	1
151	0	2	57.8629799076408	1
105	13	8	6.496030381048424	1
165	9	0	-180.67972416836773	0
68	13	3	-178.17135232278326	0
40	0	0	0	1
15	3	0	-75.83212246326812	0
36	0	0	0	2
31	0	0	0	2
44	6	0	-5.11096097802235	1
44	0	6	26.107709866778716	1
53	0	7	43.7355978324818	1
31	0	0	0	1
35	0	0	0	1
42	5	0	-49.917220833478886	1
42	0	16	57.99848880742097	1
53	0	0	0	1
33	0	0	0	1
38	0	0	0	1
54	0	0	0	1
50	0	0	0	1
46	0	3	22.80264096867101	0
58	0	3	4.698897768868111	0
47	0	3	22.80264096867101	0
66	0	0	0	0
34	0	0	0	0
29	0	0	0	0
37	0	0	0	0
37	0	0	0	2
25	0	0	0	2
29	0	0	0	0
37	0	0	0	0
69	0	0	0	0
57	0	0	0	0
42	0	0	0	0
76	0	14	52.76894250471698	2
51	0	0	0	2
24	0	0	0	2
61	0	0	0	2
64	0	6	3.9518587297896195	2
28	0	0	0	1
51	0	0	0	2
40	0	0	0	2
51	0	0	0	2
140	0	9	79.51282714767234	2
58	16	9	-135.89154293566318	0
73	4	0	-19.41106591473479	0
72	12	4	-49.211368497357654	1
55	0	4	51.79919427870963	1
40	0	0	0	2
65	0	0	0	0
74	3	18	-3.4830854805581026	0
51	0	0	0	0
24	3	3	-71.13322469440001	0
20	6	6	-11.634521578513972	0
81	0	0	0	0
38	0	0	0	2
49	0	0	0	2
26	3	4	28.220847910092356	0
35	0	0	0	0
26	0	0	0	1
37	0	0	0	1
36	0	0	0	2
62	0	0	0	2
36	10	0	-162.07583059707767	0
17	6	0	-89.94597082729172	0
32	6	0	-31.301889276613657	0
54	0	6	1.6919021641846006	0
56	0	3	4.698897768868111	2
34	3	0	-93.30240362933606	1
63	0	6	27.866959559617765	1
82	0	4	2.792286986451018	2
26	0	0	0	2
49	0	0	0	2
32	0	0	0	1
51	0	0	0	1
39	0	14	13.725753932112287	2
37	0	3	32.27365436832432	2
