0.14545454545454545	12.5	0.0	-0.8905100978749092	0
0.12121212121212122	30.0	40.0	-0.4002288265555511	0
0.07878787878787878	0.0	23.076923076923077	0.550107591311237	1
0.09696969696969697	31.25	0.0	-0.09437659882858013	0
0.09696969696969697	0.0	12.5	0.018725256548075827	1
0.12727272727272726	0.0	14.285714285714286	0.550107591311237	1
0.17575757575757575	0.0	13.793103448275861	0.5678477697005249	1
0.23636363636363636	0.0	35.8974358974359	0.052542414760161374	1
0.22424242424242424	0.0	8.108108108108109	0.6910046762010364	1
0.05454545454545454	66.66666666666667	0.0	-0.06736744861961386	0
0.2727272727272727	0.0	6.666666666666667	0.590216842288376	1
0.2606060606060606	0.0	6.976744186046512	0.003637470798174175	1
0.7575757575757576	10.4	0.0	-0.6943038687941225	0
0.19393939393939394	0.0	6.25	0.018725256548075827	1
0.44242424242424244	17.80821917808219	2.73972602739726	-0.1935501466609837	0
0.3878787878787879	9.375	0.0	-0.13806312916066427	1
0.18181818181818182	10.0	0.0	-0.7696335771277645	0
0.5272727272727272	0.0	3.4482758620689653	0.6910046762010364	1
0.24242424242424243	22.5	0.0	-0.3966825443685683	0
0.1696969696969697	0.0	0.0	0	2
0.43636363636363634	0.0	6.944444444444445	0.3360860793144256	1
0.509090909090909	0.0	10.714285714285714	0.34857018064449596	0
0.22424242424242424	8.108108108108109	0.0	-0.1981316514397078	0
0.9151515151515152	0.0	1.3245033112582782	0.631728560987912	1
0.6363636363636364	12.380952380952381	4.761904761904762	-0.07816137632724718	1
1.0	5.454545454545454	0.0	-1.47733683764601	0
0.21818181818181817	27.77777777777778	0.0	-1.9148248622861659	0
0.4121212121212121	19.11764705882353	4.411764705882353	-2.1395552508632036	0
0.4484848484848485	0.0	8.108108108108109	0.013207442313376916	0
0.09090909090909091	20.0	0.0	-0.8905100978749092	0
0.09696969696969697	31.25	0.0	-0.4669060746823754	0
0.19393939393939394	18.75	0.0	-0.3962633028794156	0
0.21818181818181817	0.0	0.0	0	2
0.18787878787878787	0.0	0.0	0	2
